34,66
34,65
34,64
34,37
34,36
34,35
34,34
34,33
34,32
34,31
34,30
34,29
34,28
34,27
34,26
34,25
34,24
34,23
34,22
34,21
34,20
34,19
34,18
34,17
34,16
34,15
34,14
34,13
34,12
0,516
0,515
0,514
0,513
0,512
30,4
36,6
36,2
36,4
0,511
35,2
35,5
32,4
27,4
0,510
0,509
0,508
0,507
0,506
0,474
38,35
3,2
10,268
10,4
10,175
10,167
10,222
10,27
10,2
10,3
11,12
36,7
9,5
36,5
9,2
36,3
9,3
36,1
35,4
35,3
35,1
34,74
34,73
8,18
34,72
8,14
34,71
8,15
34,70
34,69
8,16
34,11
8,7
34,10
8,2
8,3
34,9
34,8
34,7
34,6
34,5
34,4
34,3
34,2
34,1
34,0
33,3
33,1
32,5
32,3
32,1
31,4
31,3
31,1
30,3
30,1
29,5
29,4
29,3
29,1
28,5
28,4
28,3
28,1
27,3
27,1
26,5
26,4
26,3
26,1
25,4
25,3
25,1
20,3
20,2
20,1
14,5
19,2
12,3
19,1
12,2
